{
 "cells": [
  {
   "cell_type": "code",
   "execution_count": 32,
   "metadata": {
    "collapsed": false
   },
   "outputs": [],
   "source": [
    "import numpy as np\n",
    "import matplotlib.pyplot as plt\n",
    "import pandas as pd\n",
    "import plotly.plotly as py\n",
    "from plotly.graph_objs import *\n",
    "import plotly.tools as tls\n",
    "from sklearn.preprocessing import StandardScaler\n",
    "%matplotlib notebook"
   ]
  },
  {
   "cell_type": "code",
   "execution_count": 33,
   "metadata": {
    "collapsed": false
   },
   "outputs": [],
   "source": [
    "def pca(input_csv):\n",
    "#     Loading the Dataset\n",
    "    df = pd.read_csv(input_csv)\n",
    "    X = df.ix[:,1:9].values\n",
    "    y = df.ix[:,9].values\n",
    "    \n",
    "#     Standardizing\n",
    "    X_std = StandardScaler().fit_transform(X)\n",
    "    \n",
    "#     Eigendecomposition - Computing Eigenvectors and Eigenvalues\n",
    "    mean_vec = np.mean(X_std, axis=0)\n",
    "    cov_mat = (X_std - mean_vec).T.dot((X_std - mean_vec)) / (X_std.shape[0]-1)\n",
    "    print('Covariance matrix \\n%s' %cov_mat)\n",
    "    cov_mat = np.cov(X_std.T)\n",
    "\n",
    "    eig_vals, eig_vecs = np.linalg.eig(cov_mat)\n",
    "\n",
    "    print('Eigenvectors \\n%s' %eig_vecs)\n",
    "    print('\\nEigenvalues \\n%s' %eig_vals)\n",
    "    \n",
    "#     Selecting Principal Components\n",
    "    for ev in eig_vecs:\n",
    "        np.testing.assert_array_almost_equal(1.0, np.linalg.norm(ev))\n",
    "    print('Everything ok!')\n",
    "    \n",
    "    # Make a list of (eigenvalue, eigenvector) tuples\n",
    "    eig_pairs = [(np.abs(eig_vals[i]), eig_vecs[:,i]) for i in range(len(eig_vals))]\n",
    "\n",
    "    # Sort the (eigenvalue, eigenvector) tuples from high to low\n",
    "    eig_pairs.sort()\n",
    "    eig_pairs.reverse()\n",
    "\n",
    "    # Visually confirm that the list is correctly sorted by decreasing eigenvalues\n",
    "    print('Eigenvalues in descending order:')\n",
    "    for i in eig_pairs:\n",
    "        print(i[0])\n",
    "    \n",
    "#     Explained Variance\n",
    "    tot = sum(eig_vals)\n",
    "    var_exp = [(i / tot)*100 for i in sorted(eig_vals, reverse=True)]\n",
    "    cum_var_exp = np.cumsum(var_exp)\n",
    "\n",
    "    trace1 = Bar(\n",
    "            x=['PC %s' %i for i in range(1,9)],\n",
    "            y=var_exp,\n",
    "            showlegend=False)\n",
    "\n",
    "    trace2 = Scatter(\n",
    "            x=['PC %s' %i for i in range(1,9)], \n",
    "            y=cum_var_exp,\n",
    "            name='cumulative explained variance')\n",
    "\n",
    "    data = Data([trace1, trace2])\n",
    "\n",
    "    layout=Layout(\n",
    "            yaxis=YAxis(title='Explained variance in percent'),\n",
    "            title='Explained variance by different principal components')\n",
    "\n",
    "    fig = Figure(data=data, layout=layout)\n",
    "    plot_url = py.plot(fig)\n",
    "    \n",
    "#     return graph1\n",
    "#     Projection Onto the New Feature Space\n",
    "    matrix_w = np.hstack((eig_pairs[0][1].reshape(8,1), \n",
    "                      eig_pairs[1][1].reshape(8,1)))\n",
    "    Y = X_std.dot(matrix_w)\n",
    "    traces = []\n",
    "\n",
    "    for name in ('don px components ', 'walk on treadmill (2)', 'walk on treadmill (1)', 'sit rest with px simulator doffed', 'sit rest with px simulator donned (3)', 'sit rest bare limb', 'doff px components', 'sit rest with px simulator donned (2)',\n",
    "                 'sit rest with px simulator donned (1)'):\n",
    "\n",
    "        trace = Scatter(\n",
    "            x=Y[y==name,0],\n",
    "            y=Y[y==name,1],\n",
    "            mode='markers',\n",
    "            name=name,\n",
    "            marker=Marker(\n",
    "                size=12,\n",
    "                line=Line(\n",
    "                    color='rgba(217, 217, 217, 0.14)',\n",
    "                    width=0.5),\n",
    "                opacity=0.8))\n",
    "        traces.append(trace)\n",
    "\n",
    "\n",
    "    data = Data(traces)\n",
    "    layout = Layout(showlegend=True,\n",
    "                    scene=Scene(xaxis=XAxis(title='PC1'),\n",
    "                    yaxis=YAxis(title='PC2'),))\n",
    "\n",
    "    fig = Figure(data=data, layout=layout)\n",
    "    plot_url = py.plot(fig)\n",
    "    "
   ]
  },
  {
   "cell_type": "code",
   "execution_count": 34,
   "metadata": {
    "collapsed": false
   },
   "outputs": [
    {
     "name": "stdout",
     "output_type": "stream",
     "text": [
      "Covariance matrix \n",
      "[[ 1.00011461  0.92288055  0.9099399   0.46749589  0.79953475  0.88415634\n",
      "   0.88860384  0.90643156]\n",
      " [ 0.92288055  1.00011461  0.93810683  0.44739292  0.88438843  0.94931778\n",
      "   0.90474184  0.9154363 ]\n",
      " [ 0.9099399   0.93810683  1.00011461  0.67331851  0.86723337  0.8890719\n",
      "   0.91513549  0.91903443]\n",
      " [ 0.46749589  0.44739292  0.67331851  1.00011461  0.44507371  0.35704125\n",
      "   0.54316992  0.51948415]\n",
      " [ 0.79953475  0.88438843  0.86723337  0.44507371  1.00011461  0.96104961\n",
      "   0.96021737  0.95669224]\n",
      " [ 0.88415634  0.94931778  0.8890719   0.35704125  0.96104961  1.00011461\n",
      "   0.95745196  0.96620253]\n",
      " [ 0.88860384  0.90474184  0.91513549  0.54316992  0.96021737  0.95745196\n",
      "   1.00011461  0.99595169]\n",
      " [ 0.90643156  0.9154363   0.91903443  0.51948415  0.95669224  0.96620253\n",
      "   0.99595169  1.00011461]]\n",
      "Eigenvectors \n",
      "[[-0.35680576  0.06776584 -0.63190817 -0.5112935  -0.10590913 -0.4198527\n",
      "  -0.07932012  0.11654933]\n",
      " [-0.36725946  0.13113332 -0.33765047  0.56206169  0.56039112 -0.08597871\n",
      "   0.11174543 -0.28997547]\n",
      " [-0.3704844  -0.17890671 -0.24094231  0.34419068 -0.70468668  0.3707283\n",
      "  -0.01455084 -0.14134624]\n",
      " [-0.21946968 -0.91766116  0.10336529  0.00620782  0.21351001 -0.12077217\n",
      "  -0.01764639  0.19627609]\n",
      " [-0.36277887  0.15240607  0.54139458  0.17665706 -0.27796623 -0.65908116\n",
      "   0.04872352 -0.08258874]\n",
      " [-0.36948055  0.27395899  0.1234364   0.13929613  0.12187492  0.23714681\n",
      "  -0.24260208  0.78983718]\n",
      " [-0.376377    0.03530754  0.26952417 -0.34915737  0.17901912  0.28224705\n",
      "  -0.58235591 -0.46009775]\n",
      " [-0.37762479  0.06763484  0.19224654 -0.36281932  0.09169864  0.30662029\n",
      "   0.76179394 -0.03839029]]\n",
      "\n",
      "Eigenvalues \n",
      "[  6.80756089e+00   7.93233257e-01   2.51227036e-01   1.00278578e-01\n",
      "   2.30974625e-02   1.64729942e-02   2.56156089e-03   6.48512624e-03]\n",
      "Everything ok!\n",
      "Eigenvalues in descending order:\n",
      "6.80756089031\n",
      "0.793233257385\n",
      "0.251227036391\n",
      "0.100278577595\n",
      "0.0230974624518\n",
      "0.0164729941817\n",
      "0.0064851262427\n",
      "0.00256156088798\n"
     ]
    }
   ],
   "source": [
    "%config InlineBackend.close_figures = False\n",
    "pca('./goodfit1.csv')"
   ]
  },
  {
   "cell_type": "code",
   "execution_count": null,
   "metadata": {
    "collapsed": true
   },
   "outputs": [],
   "source": []
  }
 ],
 "metadata": {
  "anaconda-cloud": {},
  "kernelspec": {
   "display_name": "Python [Root]",
   "language": "python",
   "name": "Python [Root]"
  },
  "language_info": {
   "codemirror_mode": {
    "name": "ipython",
    "version": 2
   },
   "file_extension": ".py",
   "mimetype": "text/x-python",
   "name": "python",
   "nbconvert_exporter": "python",
   "pygments_lexer": "ipython2",
   "version": "2.7.12"
  }
 },
 "nbformat": 4,
 "nbformat_minor": 0
}
